2進数を被らないように200000個用意して、それを3進数に変換

1001 1002 1003 1005　
2001 2002 2003 2005
3001 3002 3003 3005
5001 5002 5003 5005

10101 10102 10103 10104 10105
10201


100010001//昇順ならOK
3
4 5
6 7 8

111111111111
111111111112
111111111113
111111111115
111111111121
111111111131
111111111151

222222222223
222222222224
222222222225
222222222226
222222222230
222222222231

222222222232
222222222242
222222222252
222222222262
222222222302
222222222312

000000000000

2^14*3

2^12*4

000000000000
000000000002
000000000003
000000000010
000000000020
000000000011
000000000022
000000000111
000000000101
000000000012
000000000024
000000000021
000000000042

000000000000
000000000001
000000000010
000000000012
000000000021
000000000100
000000000102
000000000120
000000000111
000000000122
000000001000
00000000

00000001 to 00000010 を禁止
A B

00000001
00000010

00000101C
00000110xD

00000001
00000101

00010000
00010100


00000001
00000010
00000011
00000100
00000111

00000100+


00000010
00000001
00000000

00001000
00001001
00001011
00001110


000000000101A


000000000111
000000001000
000000001001
000000001111
000000010000
000000010011
000000010101
000000011111
00000000000

2^24
2^24


(7+1) (7+2) (7+3) (7+5)
(14+1) (14+2) (14+3) (14+4)
(7+1) (14+1) (21+1) (22+1)

1001 1002
2001 2002

00000000000
0 1 2 4 7

1 2 3 4 5 6 7 8 9 11

1, 2, 3, 5, 8,
13, 21, 34, 55, 89,
144, 233, 377, 610, 987,
1597, 2584, 4181, 6765, 10946,
17711, 28657, 46368, 75025, 121393,
196418, 317811, 514229, 832040, 1346269,
2178309, 3524578, 5702887, 9227465, 14930352,
